64 64 -- Block size
0 32 -- Initial Tile position
images/tileSheet.png -- Tilesheet
8 8	-- Number of tiles in tilesheet
10,10,10,10,10,10,10,10,10,10,10,10,10,10,10,10,10,10,24,c16;23;27,c16;23;27,c16;23;27,c16;23;27,10,c15;26;27,c15;26;27,c15;26;27,10,10,
10,10,10,10,10,10,10,10,10,10,10,10,10,10,10,19,19,22,18,0,0,0,0,10,0,0,0,10,10,
c16;28;12,0,0,0,0,0,0,0,0,0,0,0,0,0,0,0,0,0,0,0,0,0,0,10,0,0,0,10,10,
c16;28;12,0,0,0,0,0,0,0,0,0,0,0,0,0,0,0,0,0,0,0,0,0,0,10,0,0,0,10,10,
c16;28;12,0,0,0,0,0,0,0,0,0,0,0,0,0,0,0,0,0,0,0,0,0,0,10,0,0,0,10,10,
c16;28;12,0,0,0,0,0,0,0,0,0,0,0,0,0,0,0,0,0,0,0,0,0,0,10,0,0,0,10,10,
c16;28;12,0,0,0,0,0,0,0,0,0,0,0,0,0,0,0,0,0,0,0,0,0,0,10,0,0,0,10,10,
19,20,18,17,10,10,10,10,10,10,10,10,10,10,10,10,10,10,10,10,10,0,0,0,0,0,0,10,10,
c16;27;27,0,0,0,0,0,0,0,0,0,0,0,0,0,0,0,0,0,10,0,0,0,0,0,0,0,0,10,10,
c16;27;27,0,0,0,0,0,0,0,0,0,0,0,0,0,0,0,0,0,10,0,0,0,0,0,0,41,0,10,10,
c16;27;27,0,0,0,0,0,0,0,0,0,0,0,0,0,0,0,0,0,10,0,0,0,0,10,10,10,10,10,10,
10,10,10,10,10,10,10,10,10,10,10,10,10,10,10,0,0,0,10,0,0,0,0,0,10,0,0,0,c16;3;3,
10,10,0,0,0,0,0,0,0,0,0,0,0,0,0,0,0,0,10,0,0,0,0,0,10,0,0,0,c16;1;3,
10,10,0,0,0,0,0,0,0,0,0,0,0,0,0,0,0,0,10,0,0,0,0,0,10,0,0,0,c16;1;3,
10,10,41,0,0,0,0,0,0,0,0,0,0,0,0,0,0,0,10,10,10,0,0,0,10,0,0,10,10,
10,10,10,10,10,10,10,0,0,0,0,0,0,0,0,0,0,0,10,10,10,0,0,0,10,0,0,10,10,
10,10,0,0,0,0,0,0,0,0,0,0,0,0,0,0,0,0,10,10,10,0,0,0,10,0,0,10,10,
10,10,0,0,0,0,0,0,0,0,0,0,0,0,0,0,0,0,10,10,10,0,0,0,10,0,0,10,10,
10,10,0,0,0,0,0,0,0,0,0,0,0,0,0,0,0,0,10,10,10,0,0,0,10,0,0,10,10,
10,10,0,0,10,10,10,10,10,10,10,10,10,10,10,10,10,10,10,10,10,0,0,0,10,0,0,10,10,
10,10,0,0,0,0,0,0,0,0,0,0,0,0,0,0,0,0,10,10,10,0,0,0,10,0,0,10,10,
10,10,0,0,0,0,0,0,0,0,0,0,0,0,0,0,0,0,10,10,10,0,0,0,10,0,0,10,10,
10,10,0,0,0,0,0,0,0,0,0,0,0,0,0,0,0,0,10,10,10,0,0,0,10,0,0,10,10,
10,10,10,10,10,10,10,10,10,10,10,10,10,10,10,0,0,0,10,10,10,0,0,0,10,0,0,10,10,
10,10,0,0,0,0,0,0,0,0,0,0,0,0,0,0,0,0,10,10,10,0,0,0,10,0,0,10,10,
10,10,0,0,0,0,0,0,0,0,0,0,0,0,0,0,0,0,10,10,10,0,0,0,10,0,0,0,c16;3;10,
10,10,0,0,0,0,0,0,0,0,0,0,0,0,0,0,0,0,10,10,10,0,0,0,10,0,0,0,c16;3;10,
10,10,0,0,0,0,0,0,0,0,0,0,0,0,0,0,41,0,10,10,10,0,0,0,10,0,0,0,c16;3;10,
10,10,0,0,0,0,10,10,10,10,10,10,10,10,10,10,10,10,10,10,10,0,0,0,10,10,10,10,10,
10,10,c17;4;3,c17;4;3,c17;4;3,c17;4;3,10,10,10,10,10,10,10,10,10,10,10,10,10,10,10,c16;22;3,c16;22;3,c16;22;3,10,10,10,10,10,
